Day  Part 1         Part 2
01   800139         59885340
02   515            711
03   218            3847183340
04   192            101
05   994            741
06   6291           3052
07   332            10875
08   1487           1607
09   373803594      51152360
10   1625           3100448333024
11   2316           2128
12   439            12385
13   333            690123192779524
14   8471403462063  2667858637669
15   1618           548531
16   29759          1307550234719
17   280            1696
18   3348222486398  43423343619505
19   241
20   45079100979683
21   2874           gfvrr,ndkkq,jxcxh,bthjz,sgzr,mbkbn,pkkg,mjbtz
22   31269
23   82635947
24   228            3672
25   4126980        N/A
